
============================================================
STEP 2 - COPPER PLATE 24H WITH STORAGE
============================================================

1. HOURLY PRICES
    hour  price
0      1  10.52
1      2  10.52
2      3  10.52
3      4  10.52
4      5  10.52
5      6  10.52
6      7  10.52
7      8  10.89
8      9  10.89
9     10  10.89
10    11  10.89
11    12  10.89
12    13  10.89
13    14  10.89
14    15  10.89
15    16  10.89
16    17  13.01
17    18  13.01
18    19  13.01
19    20  10.89
20    21  10.89
21    22  10.52
22    23  10.52
23    24  10.52

2. TOTALS 24 HOURS
objective_welfare_24h       11211649.53
total_operating_cost_24h      257594.07
total_gen_MWh                  40311.46
total_wind_MWh                 12506.05
total_demand_served_MWh        52771.46
total_gen_profit_24h          189503.47
total_wind_profit_24h         137804.63
total_demand_utility_24h    10884237.83
total_storage_profit_24h         103.60
avg_price                         11.00
max_price                         13.01
min_price                         10.52
dtype: float64

3. GENERATOR TOTALS & PROFITS
    generator  total_p_MWh  marginal_cost  total_profit_24h
0           1         0.00          13.32              0.00
1           2         0.00          13.32              0.00
2           3         0.00          20.70              0.00
3           4         0.00          20.93              0.00
4           5         0.00          26.11              0.00
5           6      2635.00          10.52           1789.05
6           7      2635.00          10.52           1789.05
7           8      9600.00           6.02          47816.90
8           9      9600.00           5.47          53096.90
9          10      7200.00           0.00          79206.68
10         11      6096.77          10.52           3578.10
11         12      2544.68          10.89           2226.79

4. WIND TOTALS & PROFITS
   wind  total_p_MWh  total_profit_24h
0     1      2090.17          23004.42
1     2      2062.08          22723.34
2     3      2045.86          22541.47
3     4      2130.81          23495.66
4     5      2072.97          22832.38
5     6      2104.17          23207.35

5. STORAGE OPERATION (Hourly)
    hour  pch_MW  pdis_MW   e_MWh  price  profit_t
0      1   40.00     0.00   36.00  10.52   -420.80
1      2   40.00     0.00   72.00  10.52   -420.80
2      3   40.00     0.00  108.00  10.52   -420.80
3      4   40.00     0.00  144.00  10.52   -420.80
4      5   40.00     0.00  180.00  10.52   -420.80
5      6   40.00     0.00  216.00  10.52   -420.80
6      7   40.00     0.00  252.00  10.52   -420.80
7      8    0.00     0.00  252.00  10.89      0.00
8      9    0.00     0.00  252.00  10.89      0.00
9     10    0.00     0.00  252.00  10.89      0.00
10    11    0.00     0.00  252.00  10.89      0.00
11    12    0.00     0.00  252.00  10.89      0.00
12    13    0.00     0.00  252.00  10.89      0.00
13    14    0.00     0.00  252.00  10.89      0.00
14    15    0.00     0.00  252.00  10.89      0.00
15    16    2.54     0.00  254.29  10.89    -27.65
16    17    0.00    68.26  180.89  13.01    888.14
17    18    0.00    69.04  106.65  13.01    898.24
18    19    0.00    99.19    0.00  13.01   1290.48
19    20    0.00     0.00    0.00  10.89      0.00
20    21    0.00     0.00    0.00  10.89      0.00
21    22    0.00     0.00    0.00  10.52      0.00
22    23    0.00     0.00    0.00  10.52      0.00
23    24    0.00     0.00    0.00  10.52      0.00

6. DEMAND TOTALS & UTILITY
    bus  total_d_MWh  total_utility_24h
0     1      2005.32          413601.04