
============================================================
STEP 2 - COPPER PLATE 24H WITH STORAGE
============================================================

1. HOURLY PRICES
    hour  price
0      1  10.52
1      2  10.52
2      3  10.52
3      4  10.52
4      5  10.52
5      6  10.52
6      7  10.52
7      8  10.89
8      9  10.89
9     10  10.89
10    11  10.89
11    12  10.89
12    13  10.89
13    14  10.89
14    15  10.89
15    16  10.89
16    17  13.32
17    18  13.32
18    19  13.32
19    20  10.89
20    21  10.89
21    22  10.52
22    23  10.52
23    24  10.52

2. TOTALS 24 HOURS
objective_welfare_24h       11211608.03
total_operating_cost_24h      257635.57
total_gen_MWh                  40300.46
total_wind_MWh                 12506.05
total_demand_served_MWh        52771.46
total_gen_profit_24h          191423.90
total_wind_profit_24h         138261.85
total_demand_utility_24h    10881787.05
total_storage_profit_24h         135.23
avg_price                         11.04
max_price                         13.32
min_price                         10.52
dtype: float64

3. GENERATOR TOTALS & PROFITS
    generator  total_p_MWh  marginal_cost  total_profit_24h
0           1         0.00          13.32              0.00
1           2        56.49          13.32              0.00
2           3         0.00          20.70              0.00
3           4         0.00          20.93              0.00
4           5         0.00          26.11              0.00
5           6      2325.00          10.52           1932.85
6           7      2979.30          10.52           1932.85
7           8      9600.00           6.02          48188.00
8           9      9600.00           5.47          53468.00
9          10      7200.00           0.00          79485.00
10         11      5997.53          10.52           3865.70
11         12      2542.14          10.89           2551.50

4. WIND TOTALS & PROFITS
   wind  total_p_MWh  total_profit_24h
0     1      2090.17          23076.50
1     2      2062.08          22798.95
2     3      2045.86          22616.30
3     4      2130.81          23575.36
4     5      2072.97          22907.15
5     6      2104.17          23287.59

5. STORAGE OPERATION (Hourly)
    hour  pch_MW  pdis_MW   e_MWh  price  profit_t
0      1    0.00      0.0    0.00  10.52      0.00
1      2    0.00      0.0    0.00  10.52      0.00
2      3    0.00      0.0    0.00  10.52      0.00
3      4  215.05      0.0  193.55  10.52  -2262.37
4      5    0.00      0.0  193.55  10.52      0.00
5      6    0.00      0.0  193.55  10.52      0.00
6      7    0.00      0.0  193.55  10.52      0.00
7      8    0.00      0.0  193.55  10.89      0.00
8      9    0.00      0.0  193.55  10.89      0.00
9     10    0.00      0.0  193.55  10.89      0.00
10    11    0.00      0.0  193.55  10.89      0.00
11    12    0.00      0.0  193.55  10.89      0.00
12    13    0.00      0.0  193.55  10.89      0.00
13    14    0.00      0.0  193.55  10.89      0.00
14    15    0.00      0.0  193.55  10.89      0.00
15    16    0.00      0.0  193.55  10.89      0.00
16    17    0.00     60.0  129.03  13.32    799.20
17    18    0.00     60.0   64.52  13.32    799.20
18    19    0.00     60.0    0.00  13.32    799.20
19    20    0.00      0.0    0.00  10.89      0.00
20    21    0.00      0.0    0.00  10.89      0.00
21    22    0.00      0.0    0.00  10.52      0.00
22    23    0.00      0.0    0.00  10.52      0.00
23    24    0.00      0.0    0.00  10.52      0.00

6. DEMAND TOTALS & UTILITY
    bus  total_d_MWh  total_utility_24h
0     1      2005.32          413507.91
1     2      1794.23          369980.76
2     3      3324.60          685552.58
3     4      1372.06          282926.46
4     5      1319.29          272044.68
5     6      2533.03          522325.78
6     7      2321.94          478798.63
7     8      3166.29          652907.22
8     9      3219.06          663789.01
9    10      3588.46          739961.52
10   13      4907.75         1012006.20
11   14      3588.46          739961.52
12   15      5857.63         1207878.36
13   16      1847.00          380862.55
14   18      6174.26         1273169.08
15   19      3377.37          696434.37
16   20      2374.72          489680.42