
============================================================
STEP 2 - COPPER PLATE 24H WITH STORAGE
============================================================

1. HOURLY PRICES
    hour  price
0      1  10.52
1      2  10.52
2      3  10.52
3      4  10.52
4      5  10.52
5      6  10.52
6      7  10.52
7      8  10.89
8      9  10.89
9     10  10.89
10    11  10.89
11    12  10.89
12    13  10.89
13    14  10.89
14    15  10.89
15    16  10.89
16    17  12.57
17    18  12.57
18    19  12.57
19    20  10.89
20    21  10.89
21    22  10.52
22    23  10.52
23    24  10.52

2. TOTALS 24 HOURS
objective_welfare_24h       11211650.47
total_operating_cost_24h      257593.13
total_gen_MWh                  40311.46
total_wind_MWh                 12506.05
total_demand_served_MWh        52771.46
total_gen_profit_24h          186758.31
total_wind_profit_24h         137151.04
total_demand_utility_24h    10887741.11
total_storage_profit_24h           0.00
avg_price                         10.95
max_price                         12.57
min_price                         10.52
dtype: float64

3. GENERATOR TOTALS & PROFITS
    generator  total_p_MWh  marginal_cost  total_profit_24h
0           1         0.00          13.32              0.00
1           2         0.00          13.32              0.00
2           3         0.00          20.70              0.00
3           4         0.00          20.93              0.00
4           5         0.00          26.11              0.00
5           6      2635.00          10.52           1583.49
6           7      2635.00          10.52           1583.49
7           8      9600.00           6.02          47286.44
8           9      9600.00           5.47          52566.44
9          10      7200.00           0.00          78808.83
10         11      6099.31          10.52           3166.99
11         12      2542.14          10.89           1762.63

4. WIND TOTALS & PROFITS
   wind  total_p_MWh  total_profit_24h
0     1      2090.17          22901.39
1     2      2062.08          22615.25
2     3      2045.86          22434.50
3     4      2130.81          23381.73
4     5      2072.97          22725.50
5     6      2104.17          23092.67

5. STORAGE OPERATION (Hourly)
    hour  pch_MW  pdis_MW   e_MWh  price  profit_t
0      1    0.00     0.00    0.00  10.52      0.00
1      2    0.00     0.00    0.00  10.52      0.00
2      3    0.00     0.00    0.00  10.52      0.00
3      4    0.00     0.00    0.00  10.52      0.00
4      5  100.00     0.00   90.00  10.52  -1052.00
5      6   82.54     0.00  164.29  10.52   -868.31
6      7  100.00     0.00  254.29  10.52  -1052.00
7      8    0.00     0.00  254.29  10.89      0.00
8      9    0.00     0.00  254.29  10.89      0.00
9     10    0.00     0.00  254.29  10.89      0.00
10    11    0.00     0.00  254.29  10.89      0.00
11    12    0.00     0.00  254.29  10.89      0.00
12    13    0.00     0.00  254.29  10.89      0.00
13    14    0.00     0.00  254.29  10.89      0.00
14    15    0.00     0.00  254.29  10.89      0.00